{
  "Name": "G Natural Minor",
  "mmap": [
     55, 57, 58, 60, 62, 64, 65, 67,
     57, 57, 58, 60, 62, 64, 65, 67,
     58, 58, 58, 60, 62, 64, 65, 67,
     60, 60, 60, 60, 62, 64, 65, 67,
     62, 62, 62, 62, 62, 64, 65, 67,
     64, 64, 64, 64, 64, 64, 65, 67,
     65, 65, 65, 65, 65, 65, 65, 67,
     67, 67, 67, 67, 67, 67, 67, 67
  ]
}